MPC Horizon (N): 10
PID Parameters :
  PID Z:   kp: 0.8  ki: 0.1  kd: 1.15
Q Matrix:
[[0.5  0.   0.   0.   0.   0.   0.   0.   0.   0.   0.   0.  ]
 [0.   0.5  0.   0.   0.   0.   0.   0.   0.   0.   0.   0.  ]
 [0.   0.   3.   0.   0.   0.   0.   0.   0.   0.   0.   0.  ]
 [0.   0.   0.   0.05 0.   0.   0.   0.   0.   0.   0.   0.  ]
 [0.   0.   0.   0.   0.05 0.   0.   0.   0.   0.   0.   0.  ]
 [0.   0.   0.   0.   0.   0.1  0.   0.   0.   0.   0.   0.  ]
 [0.   0.   0.   0.   0.   0.   0.75 0.   0.   0.   0.   0.  ]
 [0.   0.   0.   0.   0.   0.   0.   0.75 0.   0.   0.   0.  ]
 [0.   0.   0.   0.   0.   0.   0.   0.   0.1  0.   0.   0.  ]
 [0.   0.   0.   0.   0.   0.   0.   0.   0.   0.   0.   0.  ]
 [0.   0.   0.   0.   0.   0.   0.   0.   0.   0.   0.   0.  ]
 [0.   0.   0.   0.   0.   0.   0.   0.   0.   0.   0.   0.  ]]
R Matrix:
[[0.1  0.   0.   0.  ]
 [0.   0.05 0.   0.  ]
 [0.   0.   0.05 0.  ]
 [0.   0.   0.   0.1 ]]
